>0*	1	1
1	2	2
2	3	4
3	5	6
4	6	6
5	7	7
6	7	8
7	9	10
8	10	10
9*	11	11
10*	12	12
11	13	13
12	14	14
13	15	15
14	16	17
15	18	18
16	19	20
17	20	20
18	21	21
19	22	22
20	22	23
21	9	9
22	9	24
23	24	24
24*	25	25
25	26	26
26	27	28
27	29	30
28	30	30
29	31	31
30	31	32
31	9	33
32	33	33
33*	34	34
34	35	35
35	36	37
36	38	39
37	39	39
38	40	40
39	40	41
40	9	42
41	42	42
42*	43	43
43	44	44
44	45	46
45	47	48
46	48	48
47	49	49
48	49	50
49	9	51
50	51	51
51*	52	52
52	53	53
53	54	55
54	56	57
55	57	57
56	58	58
57	58	59
58	9	60
59	60	60
60*	61	61
61	62	62
62	63	64
63	65	66
64	66	66
65	67	67
66	67	68
67	9	69
68	69	69
69*	70	70
70	71	71
71	72	73
72	74	75
73	75	75
74	76	76
75	76	77
76	9	78
77	78	78
78*	79	79
79	80	80
80	81	82
81	83	84
82	84	84
83	85	85
84	85	86
85	9	87
86	87	87
87*	88	88
88	89	89
89	90	91
90	92	93
91	93	93
92	94	94
93	94	95
94	9	96
95	96	96
96*	97	97
97	98	98
98	99	100
99	101	102
100	102	102
101	103	103
102	103	104
103	9	105
104	105	105
105*	106	106
106	107	107
107	108	109
108	110	111
109	111	111
110	112	112
111	112	113
112	9	114
113	114	114
114*	115	115
115	116	116
116	117	118
117	119	120
118	120	120
119	121	121
120	121	122
121	9	123
122	123	123
123*	124	124
124	125	125
125	126	127
126	128	129
127	129	129
128	130	130
129	130	131
130	9	132
131	132	132
132*	133	133
133	134	134
134	135	136
135	137	138
136	138	138
137	139	139
138	139	140
139	9	141
140	141	141
141*	142	142
142	143	143
143	144	145
144	146	147
145	147	147
146	148	148
147	148	149
148	9	150
149	150	150
150*	151	151
151	152	152
152	153	154
153	155	156
154	156	156
155	157	157
156	157	158
157	9	159
158	159	159
159*	160	160
160	161	161
161	162	163
162	164	165
163	165	165
164	166	166
165	166	167
166	9	168
167	168	168
168*	169	169
169	170	170
170	171	172
171	173	174
172	174	174
173	175	175
174	175	176
175	9	177
176	177	177
177*	178	178
178	179	179
179	180	181
180	182	183
181	183	183
182	184	184
183	184	185
184	9	186
185	186	186
186*	187	187
187	188	188
188	189	190
189	191	192
190	192	192
191	193	193
192	193	194
193	9	195
194	195	195
195*	196	196
196	197	197
197	198	199
198	200	201
199	201	201
200	202	202
201	202	203
202	9	204
203	204	204
204*	205	205
205	206	206
206	207	208
207	209	210
208	210	210
209	211	211
210	211	212
211	9	213
212	213	213
213*	214	214
214	215	215
215	216	217
216	218	219
217	219	219
218	220	220
219	220	221
220	9	222
221	222	222
222*	223	223
223	224	224
224	225	226
225	227	228
226	228	228
227	229	229
228	229	230
229	9	231
230	231	231
231*	232	232
232	233	233
233	234	235
234	236	237
235	237	237
236	238	238
237	238	239
238	9	239
239	239	239
