>0*	1	2
1	3	3
2	4	5
3	6	6
4	6	7
5	7	7
6	8	8
7	9	9
8	0	0
9	10	10
10*	1	11
11	12	13
12	6	14
13	14	14
14	15	15
15	16	16
16*	1	17
17	18	19
18	6	20
19	20	20
20	21	21
21	22	22
22*	1	23
23	24	25
24	6	26
25	26	26
26	27	27
27	28	28
28*	1	29
29	30	31
30	6	32
31	32	32
32	33	33
33	34	34
34*	1	35
35	36	37
36	6	38
37	38	38
38	39	39
39	40	40
40*	1	41
41	42	43
42	6	44
43	44	44
44	45	45
45	46	46
46*	1	47
47	48	49
48	6	50
49	50	50
50	51	51
51	52	52
52*	1	53
53	54	55
54	6	56
55	56	56
56	57	57
57	58	58
58*	1	59
59	60	61
60	6	62
61	62	62
62	63	63
63	64	64
64*	1	65
65	66	67
66	6	68
67	68	68
68	69	69
69	70	70
70*	1	71
71	72	73
72	6	74
73	74	74
74	75	75
75	76	76
76*	1	77
77	78	79
78	6	80
79	80	80
80	81	81
81	82	82
82*	1	83
83	84	85
84	6	86
85	86	86
86	87	87
87	88	88
88*	1	89
89	90	91
90	6	92
91	92	92
92	93	93
93	94	94
94*	1	95
95	96	97
96	6	98
97	98	98
98	99	99
99	100	100
100*	1	101
101	102	103
102	6	104
103	104	104
104	105	105
105	106	106
106*	1	107
107	108	109
108	6	110
109	110	110
110	111	111
111	112	112
112*	1	113
113	114	115
114	6	116
115	116	116
116	117	117
117	118	118
118*	1	119
119	120	121
120	6	122
121	122	122
122	123	123
123	124	124
124*	1	125
125	126	127
126	6	128
127	128	128
128	129	129
129	130	130
130*	1	131
131	132	133
132	6	134
133	134	134
134	135	135
135	136	136
136*	1	137
137	138	139
138	6	140
139	140	140
140	141	141
141	142	142
142*	1	143
143	144	145
144	6	146
145	146	146
146	147	147
147	148	148
148*	1	149
149	150	151
150	6	152
151	152	152
152	153	153
153	154	154
154*	1	155
155	156	157
156	6	158
157	158	158
158	159	159
159	160	160
160	1	155
